1.000000e+00
1.000000e+00
5.400617e-01
3.894775e-01
3.106717e-01
2.612568e-01
2.270352e-01
2.018739e-01
1.826570e-01
1.675650e-01
1.554176e-01
1.454008e-01
1.369384e-01
1.296201e-01
1.231540e-01
1.173334e-01
1.120124e-01
1.070876e-01
1.024858e-01
9.815474e-02
9.405653e-02
9.016345e-02
8.645467e-02
8.291423e-02
7.952951e-02
7.629025e-02
7.318790e-02
7.021508e-02
6.736530e-02
6.463275e-02
6.201209e-02
5.949842e-02
5.708713e-02
5.477389e-02
5.255461e-02
5.042541e-02
4.838257e-02
4.642256e-02
4.454200e-02
4.273766e-02
4.100643e-02
3.934534e-02
3.775156e-02
3.622234e-02
3.475506e-02
3.334723e-02
3.199643e-02
3.070035e-02
2.945676e-02
2.826356e-02
2.711868e-02
2.602018e-02
2.496618e-02
2.395488e-02
2.298454e-02
2.205350e-02
2.116018e-02
2.030304e-02
1.948063e-02
1.869152e-02
1.793439e-02
1.720792e-02
1.651088e-02
1.584207e-02
1.520035e-02
1.458463e-02
1.399385e-02
1.342700e-02
1.288312e-02
1.236126e-02
1.186054e-02
1.138011e-02
1.091913e-02
1.047683e-02
1.005244e-02
9.645250e-03
9.254550e-03
8.879676e-03
8.519986e-03
8.174867e-03
7.843727e-03
7.526001e-03
7.221145e-03
6.928638e-03
6.647980e-03
6.378690e-03
6.120308e-03
5.872393e-03
5.634519e-03
5.406282e-03
5.187289e-03
4.977168e-03
4.775558e-03
4.582114e-03
4.396506e-03
4.218417e-03
4.047541e-03
3.883587e-03
3.726275e-03
3.575334e-03
3.430508e-03
3.291549e-03
3.158218e-03
3.030288e-03
2.907540e-03
2.789764e-03
2.676759e-03
2.568331e-03
2.464296e-03
2.364475e-03
2.268697e-03
2.176799e-03
2.088623e-03
2.004019e-03
1.922842e-03
1.844954e-03
1.770220e-03
1.698514e-03
1.629712e-03
1.563697e-03
1.500356e-03
1.439581e-03
1.381268e-03
1.325317e-03
1.271633e-03
1.220123e-03
1.170699e-03
1.123277e-03
1.077777e-03
1.034119e-03
9.922302e-04
9.520379e-04
9.134737e-04
8.764716e-04
8.409683e-04
8.069032e-04
7.742179e-04
7.428567e-04
7.127657e-04
6.838937e-04
6.561912e-04
6.296109e-04
6.041072e-04
5.796366e-04
5.561573e-04
5.336290e-04
5.120133e-04
4.912731e-04
4.713731e-04
4.522792e-04
4.339587e-04
4.163803e-04
3.995140e-04
3.833309e-04
3.678033e-04
3.529047e-04
3.386095e-04
3.248935e-04
3.117330e-04
2.991056e-04
2.869898e-04
2.753647e-04
2.642104e-04
2.535081e-04
2.432392e-04
2.333863e-04
2.239325e-04
2.148617e-04
2.061583e-04
1.978074e-04
1.897948e-04
1.821068e-04
1.747302e-04
1.676524e-04
1.608613e-04
1.543453e-04
1.480932e-04
1.420944e-04
1.363386e-04
1.308159e-04
1.255169e-04
1.204326e-04
1.155543e-04
1.108735e-04
1.063823e-04
1.020731e-04
9.793843e-05
9.397124e-05
9.016474e-05
8.651244e-05
8.300808e-05
7.964567e-05
7.641946e-05
7.332393e-05
7.035380e-05
6.750398e-05
6.476959e-05
6.214597e-05
5.962862e-05
5.721324e-05
5.489570e-05
5.267204e-05
5.053845e-05
4.849129e-05
4.652705e-05
4.464238e-05
4.283405e-05
4.109897e-05
3.943417e-05
3.783681e-05
3.630415e-05
3.483358e-05
3.342258e-05
3.206873e-05
3.076972e-05
2.952333e-05
2.832743e-05
2.717997e-05
2.607899e-05
2.502260e-05
2.400901e-05
2.303648e-05
2.210334e-05
2.120800e-05
2.034893e-05
1.952465e-05
1.873377e-05
1.797492e-05
1.724681e-05
1.654819e-05
1.587787e-05
1.523471e-05
1.461759e-05
1.402548e-05
1.345735e-05
1.291223e-05
1.238920e-05
1.188735e-05
1.140582e-05
1.094381e-05
1.050051e-05
1.007516e-05
9.667048e-06
9.275465e-06
8.899743e-06
8.539241e-06
8.193342e-06
7.861454e-06
7.543010e-06
7.237465e-06
6.944297e-06
6.663004e-06
6.393106e-06
6.134140e-06
5.885664e-06
5.647253e-06
5.418500e-06
5.199013e-06
4.988416e-06
4.786350e-06
4.592469e-06
4.406442e-06
4.227950e-06
4.056689e-06
3.892364e-06
3.734696e-06
3.583415e-06
3.438261e-06
3.298987e-06
3.165355e-06
3.037136e-06
2.914111e-06
2.796069e-06
2.682808e-06
2.574136e-06
2.469865e-06
2.369818e-06
2.273824e-06
2.181718e-06
2.093343e-06
2.008548e-06
1.927188e-06
1.849123e-06
1.774221e-06
1.702352e-06
1.633395e-06
1.567231e-06
1.503747e-06
1.442835e-06
1.384390e-06
1.328312e-06
1.274506e-06
1.222880e-06
1.173345e-06
1.125816e-06
1.080213e-06
1.036456e-06
9.944726e-07
9.541895e-07
9.155381e-07
8.784524e-07
8.428689e-07
8.087268e-07
7.759676e-07
7.445355e-07
7.143766e-07
6.854393e-07
6.576742e-07
6.310338e-07
6.054725e-07
5.809466e-07
5.574142e-07
5.348350e-07
5.131704e-07
4.923834e-07
4.724384e-07
4.533013e-07
4.349394e-07
4.173213e-07
4.004169e-07
3.841972e-07
3.686345e-07
3.537022e-07
3.393748e-07
3.256277e-07
3.124375e-07
2.997816e-07
2.876383e-07
2.759870e-07
2.648076e-07
2.540810e-07
2.437889e-07
2.339138e-07
2.244386e-07
2.153473e-07
2.066242e-07
1.982545e-07
1.902238e-07
1.825184e-07
1.751251e-07
1.680313e-07
1.612248e-07
1.546941e-07
1.484279e-07
1.424155e-07
1.366467e-07
1.311116e-07
1.258006e-07
1.207048e-07
1.158154e-07
1.111241e-07
1.066228e-07
1.023038e-07
9.815977e-08
9.418361e-08
9.036852e-08
8.670796e-08
8.319567e-08
7.982566e-08
7.659216e-08
7.348964e-08
7.051280e-08
6.765653e-08
6.491597e-08
6.228641e-08
5.976338e-08
5.734254e-08
5.501976e-08
5.279108e-08
5.065267e-08
4.860088e-08
4.663220e-08
4.474327e-08
4.293085e-08
4.119185e-08
3.952329e-08
3.792232e-08
3.638620e-08
3.491230e-08
3.349811e-08
3.214120e-08
3.083926e-08
2.959005e-08
2.839145e-08
2.724139e-08
2.613793e-08
2.507916e-08
2.406327e-08
2.308854e-08
2.215329e-08
2.125593e-08
2.039491e-08
1.956878e-08
1.877610e-08
1.801554e-08
1.728578e-08
1.658559e-08
1.591376e-08
1.526914e-08
1.465063e-08
1.405718e-08
1.348776e-08
1.294141e-08
1.241719e-08
1.191421e-08
1.143160e-08
1.096854e-08
1.052424e-08
1.009793e-08
9.688896e-09
9.296427e-09
8.919857e-09
8.558540e-09
8.211859e-09
7.879221e-09
7.560057e-09
7.253822e-09
6.959991e-09
6.678062e-09
6.407554e-09
6.148003e-09
5.898966e-09
5.660016e-09
5.430746e-09
5.210762e-09
4.999690e-09
4.797167e-09
4.602848e-09
4.416401e-09
4.237505e-09
4.065857e-09
3.901161e-09
3.743136e-09
3.591513e-09
3.446032e-09
3.306443e-09
3.172509e-09
3.044000e-09
2.920697e-09
2.802388e-09
2.688871e-09
2.579953e-09
2.475447e-09
2.375174e-09
2.278963e-09
2.186649e-09
2.098074e-09
2.013087e-09
1.931543e-09
1.853302e-09
1.778230e-09
1.706200e-09
1.637086e-09
1.570773e-09
1.507146e-09
1.446096e-09
1.387519e-09
1.331314e-09
1.277387e-09
1.225644e-09
1.175996e-09
1.128360e-09
1.082654e-09
1.038799e-09
9.967201e-10
9.563460e-10
9.176072e-10
8.804376e-10
8.447737e-10
8.105544e-10
7.777213e-10
7.462181e-10
7.159910e-10
6.869884e-10
6.591605e-10
6.324599e-10
6.068408e-10
5.822595e-10
5.586739e-10
5.360438e-10
5.143302e-10
4.934962e-10
4.735061e-10
4.543258e-10
4.359224e-10
4.182645e-10
4.013218e-10
3.850654e-10
3.694676e-10
3.545016e-10
3.401417e-10
3.263637e-10
3.131436e-10
3.004591e-10
2.882885e-10
2.766107e-10
2.654060e-10
2.546552e-10
2.443399e-10
2.344424e-10
2.249459e-10
2.158339e-10
2.070911e-10
1.987025e-10
1.906537e-10
1.829309e-10
1.755209e-10
1.684110e-10
1.615892e-10
1.550437e-10
1.487634e-10
1.427374e-10
1.369555e-10
1.314078e-10
1.260849e-10
1.209776e-10
1.160772e-10
1.113752e-10
1.068637e-10
1.025350e-10
9.838162e-11
9.439648e-11
9.057273e-11
8.690390e-11
8.338369e-11
8.000604e-11
7.676524e-11
7.365569e-11
7.067216e-11
6.780943e-11
6.506263e-11
6.242715e-11
5.989843e-11
5.747216e-11
5.514412e-11
5.291040e-11
5.076714e-11
4.871074e-11
4.673759e-11
4.484435e-11
4.302790e-11
4.128491e-11
3.961262e-11
3.800805e-11
3.646846e-11
3.499118e-11
3.357381e-11
3.221387e-11
3.090896e-11
2.965692e-11
2.845560e-11
2.730294e-11
2.619701e-11
2.513578e-11
2.411769e-11
2.314075e-11
2.220336e-11
2.130394e-11
2.044104e-11
1.961296e-11
1.881854e-11
1.805629e-11
1.732482e-11
1.662306e-11
1.594972e-11
1.530361e-11
1.468374e-11
1.408898e-11
1.351826e-11
1.297064e-11
1.244525e-11
1.194112e-11
1.145744e-11
1.099333e-11
1.054804e-11
1.012073e-11
9.710854e-12
9.317457e-12
8.940005e-12
8.577829e-12
8.230409e-12
7.897022e-12
7.577125e-12
7.270230e-12
6.975696e-12
6.693145e-12
6.421983e-12
6.161875e-12
5.912262e-12
5.672830e-12
5.443015e-12
5.222524e-12
5.010959e-12
4.808042e-12
4.613201e-12
4.426340e-12
4.247132e-12
4.075063e-12
3.909976e-12
3.751618e-12
3.599632e-12
3.453835e-12
3.313937e-12
3.179738e-12
3.050864e-12
2.927326e-12
2.808742e-12
2.694964e-12
2.585794e-12
2.481080e-12
2.380490e-12
2.284063e-12
2.191604e-12
2.102857e-12
2.017702e-12
1.935976e-12
1.857492e-12
1.782233e-12
1.710051e-12
1.640826e-12
1.574303e-12
1.510504e-12
1.449465e-12
1.390627e-12
1.334309e-12
1.280236e-12
1.228361e-12
1.178681e-12
1.130874e-12
1.085073e-12
1.041118e-12
9.989872e-13
9.585315e-13
9.196166e-13
8.823977e-13
8.466418e-13
8.123320e-13
7.794662e-13
7.478987e-13
7.176345e-13
6.885697e-13
6.606372e-13
6.338429e-13
6.082308e-13
5.836225e-13
5.599152e-13
5.372668e-13
5.155062e-13
4.945707e-13
4.745632e-13
4.553996e-13
4.368348e-13
4.192220e-13
4.022889e-13
3.859262e-13
3.702967e-13
3.553040e-13
3.409307e-13
3.271044e-13
3.138884e-13
3.011577e-13
2.889212e-13
2.772214e-13
2.660063e-13
2.551975e-13
2.449114e-13
2.349827e-13
2.254361e-13
2.162976e-13
2.075328e-13
1.991123e-13
1.910645e-13
1.832894e-13
1.759265e-13
1.687955e-13
1.619767e-13
1.553784e-13
1.490698e-13
1.430659e-13
1.372690e-13
1.317004e-13
1.263794e-13
1.213360e-13
1.163520e-13
1.115840e-13
1.071505e-13
1.026936e-13
9.861237e-14
9.463869e-14
9.080219e-14
8.706616e-14
8.353161e-14
8.018965e-14
7.694219e-14
7.378409e-14
7.083883e-14
6.796910e-14
6.523266e-14
6.259816e-14
6.006117e-14
5.765874e-14
5.522520e-14
5.303653e-14
5.092745e-14
4.887444e-14
4.679410e-14
4.499432e-14
4.309335e-14
4.132581e-14
3.966959e-14
3.811799e-14
3.657427e-14
3.506240e-14
3.367795e-14
3.228783e-14
3.096294e-14
2.975417e-14
2.854856e-14
2.732856e-14
2.630875e-14
2.525559e-14
2.422433e-14
2.314334e-14
2.226709e-14
2.137237e-14
2.051430e-14
1.966694e-14
1.887955e-14
1.810432e-14
1.732475e-14
1.667540e-14
1.596995e-14
1.534994e-14
1.472658e-14
1.414138e-14
1.350381e-14
1.305099e-14
1.250354e-14
1.200912e-14
1.150653e-14
1.103791e-14
1.056931e-14
1.010563e-14
9.708489e-15
9.364330e-15
8.953830e-15
8.592028e-15
8.224866e-15
7.940052e-15
7.616887e-15
7.277450e-15
7.030073e-15
6.715588e-15
6.479664e-15
6.206087e-15
5.921312e-15
5.686056e-15
5.457036e-15
5.244629e-15
5.046988e-15
4.880669e-15
4.647408e-15
4.503308e-15
4.269279e-15
4.147826e-15
3.929154e-15
3.807710e-15
3.655877e-15
3.459737e-15
3.376345e-15
3.215177e-15
3.121402e-15
2.989152e-15
2.883064e-15
2.783272e-15
2.662896e-15
2.521331e-15
2.481500e-15
2.366234e-15
2.245173e-15
2.195792e-15
2.099968e-15
1.984799e-15
1.926698e-15
1.840399e-15
1.783858e-15
1.723679e-15
1.609026e-15
1.581012e-15
1.504615e-15
1.519729e-15
1.339955e-15
1.344738e-15
1.316075e-15
1.269091e-15
1.200141e-15
1.206650e-15
1.126525e-15
1.096257e-15
1.071499e-15
1.082942e-15
1.024453e-15
1.049831e-15
9.520877e-16
9.718416e-16
9.029454e-16
8.907767e-16
8.033150e-16
8.211774e-16
7.720176e-16
7.623105e-16
7.779817e-16
6.546630e-16
7.162875e-16
7.012518e-16
7.225340e-16
7.036280e-16
7.303110e-16
6.200126e-16
5.654241e-16
5.417672e-16
5.597183e-16
5.663316e-16
5.511654e-16
5.021637e-16
5.417672e-16
5.427144e-16
4.571954e-16
5.127900e-16
4.818078e-16
4.481186e-16
4.305843e-16
4.057127e-16
4.368014e-16
3.618884e-16
3.315213e-16
2.667040e-16
2.538788e-16
2.803176e-16
2.637997e-16
3.002225e-16
3.208941e-16
3.604665e-16
3.678705e-16
3.368998e-16
3.451824e-16
3.805653e-16
3.809025e-16
2.633125e-16
2.563950e-16
2.700529e-16
2.208851e-16
2.277536e-16
1.995058e-16
2.107719e-16
2.424975e-16
2.231981e-16
2.498002e-16
2.598768e-16
2.825985e-16
3.074068e-16
2.770928e-16
2.360584e-16
2.548883e-16
2.214656e-16
2.333230e-16
2.214656e-16
2.333230e-16
2.214656e-16
2.333230e-16
2.214656e-16
2.333230e-16
2.214656e-16
2.333230e-16
2.214656e-16
2.333230e-16
2.214656e-16
2.333230e-16
2.214656e-16
2.333230e-16
2.214656e-16
2.333230e-16
2.214656e-16
2.333230e-16
2.214656e-16
2.333230e-16
2.214656e-16
2.333230e-16
2.214656e-16
2.333230e-16
2.214656e-16
2.333230e-16
2.214656e-16
2.333230e-16
2.214656e-16
2.333230e-16
2.214656e-16
2.333230e-16
2.214656e-16
2.333230e-16
2.214656e-16
2.333230e-16
2.214656e-16
2.333230e-16
2.214656e-16
2.333230e-16
2.214656e-16
2.333230e-16
2.214656e-16
2.333230e-16
2.214656e-16
2.333230e-16
2.214656e-16
2.333230e-16
2.214656e-16
2.333230e-16
2.214656e-16
2.333230e-16
2.214656e-16
2.333230e-16
2.214656e-16
2.333230e-16
2.214656e-16
2.333230e-16
2.214656e-16
2.333230e-16
2.214656e-16
2.333230e-16
2.214656e-16
2.333230e-16
2.214656e-16
2.333230e-16
2.214656e-16
2.333230e-16
2.214656e-16
2.333230e-16
2.214656e-16
2.333230e-16
2.214656e-16
2.333230e-16
2.214656e-16
2.333230e-16
2.214656e-16
2.333230e-16
2.214656e-16
2.333230e-16
2.214656e-16
2.333230e-16
2.214656e-16
2.333230e-16
2.214656e-16
2.333230e-16
2.214656e-16
2.333230e-16
2.214656e-16
2.333230e-16
2.214656e-16
2.333230e-16
2.214656e-16
2.333230e-16
2.214656e-16
2.333230e-16
2.214656e-16
2.333230e-16
2.214656e-16
2.333230e-16
2.214656e-16
2.333230e-16
2.214656e-16
2.333230e-16
2.214656e-16
2.333230e-16
2.214656e-16
2.333230e-16
2.214656e-16
2.333230e-16
2.214656e-16
2.333230e-16
2.214656e-16
2.333230e-16
2.214656e-16
2.333230e-16
2.214656e-16
2.333230e-16
2.214656e-16
2.333230e-16
2.214656e-16
2.333230e-16
2.214656e-16
2.333230e-16
2.214656e-16
2.333230e-16
2.214656e-16
2.333230e-16
2.214656e-16
2.333230e-16
2.214656e-16
2.333230e-16
2.214656e-16
2.333230e-16
2.214656e-16
