%%MatrixMarket vector coordinate real general
100
1   1.00000000000000000000e+00
2   9.99999999999999777955e-01
3   9.99999999999999666933e-01
4   9.99999999999999555911e-01
5   1.00000000000000000000e+00
6   9.99999999999999666933e-01
7   9.99999999999999777955e-01
8   9.99999999999999888978e-01
9   9.99999999999999888978e-01
10   1.00000000000000000000e+00
11   9.99999999999999888978e-01
12   9.99999999999999777955e-01
13   9.99999999999999555911e-01
14   9.99999999999999333866e-01
15   9.99999999999999555911e-01
16   9.99999999999999666933e-01
17   9.99999999999999777955e-01
18   9.99999999999999666933e-01
19   9.99999999999999777955e-01
20   9.99999999999999888978e-01
21   9.99999999999999888978e-01
22   9.99999999999999777955e-01
23   9.99999999999999222844e-01
24   9.99999999999999222844e-01
25   9.99999999999999222844e-01
26   9.99999999999999333866e-01
27   9.99999999999999444888e-01
28   9.99999999999999222844e-01
29   9.99999999999999777955e-01
30   9.99999999999999888978e-01
31   9.99999999999999555911e-01
32   9.99999999999999333866e-01
33   9.99999999999999111822e-01
34   9.99999999999999222844e-01
35   9.99999999999999000799e-01
36   9.99999999999999111822e-01
37   9.99999999999998889777e-01
38   9.99999999999999555911e-01
39   9.99999999999999555911e-01
40   9.99999999999999777955e-01
41   9.99999999999999777955e-01
42   9.99999999999999555911e-01
43   9.99999999999999444888e-01
44   9.99999999999998778755e-01
45   9.99999999999999111822e-01
46   9.99999999999999111822e-01
47   9.99999999999999333866e-01
48   9.99999999999999555911e-01
49   9.99999999999999666933e-01
50   9.99999999999999666933e-01
51   9.99999999999999777955e-01
52   9.99999999999999666933e-01
53   9.99999999999999222844e-01
54   9.99999999999999333866e-01
55   9.99999999999998889777e-01
56   9.99999999999999111822e-01
57   9.99999999999999000799e-01
58   9.99999999999999444888e-01
59   9.99999999999999777955e-01
60   1.00000000000000000000e+00
61   9.99999999999999777955e-01
62   9.99999999999999333866e-01
63   9.99999999999999222844e-01
64   9.99999999999999222844e-01
65   9.99999999999999111822e-01
66   9.99999999999999000799e-01
67   9.99999999999999222844e-01
68   9.99999999999999444888e-01
69   9.99999999999999333866e-01
70   9.99999999999999777955e-01
71   9.99999999999999888978e-01
72   9.99999999999999555911e-01
73   9.99999999999999333866e-01
74   9.99999999999999333866e-01
75   9.99999999999999444888e-01
76   9.99999999999999222844e-01
77   9.99999999999999444888e-01
78   9.99999999999999444888e-01
79   9.99999999999999777955e-01
80   9.99999999999999666933e-01
81   9.99999999999999777955e-01
82   9.99999999999999555911e-01
83   9.99999999999999555911e-01
84   9.99999999999999333866e-01
85   9.99999999999999666933e-01
86   9.99999999999999555911e-01
87   9.99999999999999333866e-01
88   9.99999999999999777955e-01
89   9.99999999999999777955e-01
90   9.99999999999999888978e-01
91   1.00000000000000000000e+00
92   9.99999999999999777955e-01
93   9.99999999999999888978e-01
94   9.99999999999999777955e-01
95   9.99999999999999777955e-01
96   1.00000000000000000000e+00
97   9.99999999999999777955e-01
98   9.99999999999999888978e-01
99   1.00000000000000000000e+00
100   1.00000000000000000000e+00
